TRAIN_RGB/n12710693_10555.png 5 756 214 1121 559 2 1.000 452 258 779 648 2 1.000 568 622 922 919 2 1.000 194 111 531 422 2 1.000 325 409 559 661 2 1.000 
TRAIN_RGB/n12710693_11267.png 2 30 123 285 425 2 1.000 273 148 558 460 2 1.000 
TRAIN_RGB/n12710693_11342.png 3 135 187 190 237 2 1.000 213 147 251 180 2 1.000 307 170 352 217 2 1.000 
TRAIN_RGB/n12710693_11712.png 5 17 44 132 151 2 1.000 176 122 288 231 2 1.000 181 223 288 327 2 1.000 77 207 184 301 2 1.000 54 390 156 477 2 1.000 
TRAIN_RGB/n12710693_12038.png 5 235 364 429 529 2 1.000 374 477 545 618 2 1.000 573 476 734 616 2 1.000 567 116 753 307 2 1.000 616 67 761 157 2 1.000 
TRAIN_RGB/n12710693_1211.png 2 66 84 134 152 2 1.000 133 290 208 377 2 1.000 
TRAIN_RGB/n12710693_122.png 8 271 125 338 201 2 1.000 215 89 282 162 2 1.000 165 133 226 211 2 1.000 211 184 281 254 2 1.000 178 34 246 94 2 1.000 26 234 91 305 2 1.000 81 295 151 358 2 1.000 31 313 69 360 2 1.000 
TRAIN_RGB/n12710693_12500.png 2 122 152 304 329 2 1.000 265 158 411 312 2 1.000 
TRAIN_RGB/n12710693_12965.png 2 117 186 282 351 2 1.000 168 319 324 453 2 1.000 
TRAIN_RGB/n12710693_13602.png 8 151 35 250 134 2 1.000 303 105 391 182 2 1.000 312 177 387 229 2 1.000 198 176 282 248 2 1.000 278 270 350 331 2 1.000 115 204 182 266 2 1.000 30 46 89 102 2 1.000 20 141 71 191 2 1.000 
TRAIN_RGB/n12710693_13651.png 15 110 952 288 1130 2 1.000 791 883 940 1054 2 1.000 980 1215 1151 1347 2 1.000 311 1422 502 1538 2 1.000 381 456 557 620 2 1.000 309 386 445 527 2 1.000 493 229 649 403 2 1.000 538 371 689 522 2 1.000 626 279 776 443 2 1.000 552 131 722 295 2 1.000 759 431 912 582 2 1.000 885 433 1021 581 2 1.000 923 323 1073 483 2 1.000 1053 342 1146 519 2 1.000 37 1037 147 1148 2 1.000 
TRAIN_RGB/n12710693_14308.png 3 7 25 192 236 2 1.000 154 133 334 326 2 1.000 316 157 493 344 2 1.000 
TRAIN_RGB/n12710693_14559.png 3 52 288 170 425 2 1.000 200 163 329 304 2 1.000 97 83 228 220 2 1.000 
TRAIN_RGB/n12710693_14626.png 3 69 267 193 395 2 1.000 153 201 257 307 2 1.000 164 82 235 129 2 1.000 
TRAIN_RGB/n12710693_14907.png 5 104 315 257 470 2 1.000 247 229 415 389 2 1.000 105 110 259 260 2 1.000 282 47 411 98 2 1.000 70 263 133 338 2 1.000 
TRAIN_RGB/n12710693_15877.png 3 224 96 436 302 2 1.000 99 126 269 318 2 1.000 10 202 52 324 2 1.000 
TRAIN_RGB/n12710693_15980.png 1 123 155 295 331 2 1.000 
TRAIN_RGB/n12710693_16060.png 1 138 40 447 344 2 1.000 
TRAIN_RGB/n12710693_16167.png 5 118 95 169 143 2 1.000 291 232 325 266 2 1.000 311 254 350 292 2 1.000 332 238 368 273 2 1.000 284 204 311 235 2 1.000 
TRAIN_RGB/n12710693_16214.png 21 255 67 298 120 2 1.000 211 81 256 127 2 1.000 154 116 197 162 2 1.000 63 142 108 183 2 1.000 84 247 129 294 2 1.000 175 270 220 313 2 1.000 160 207 217 234 2 1.000 203 184 246 230 2 1.000 238 224 284 269 2 1.000 262 206 307 255 2 1.000 300 218 334 264 2 1.000 266 144 308 189 2 1.000 298 141 326 183 2 1.000 246 147 279 186 2 1.000 152 304 198 348 2 1.000 294 316 340 359 2 1.000 270 337 298 382 2 1.000 251 383 297 427 2 1.000 128 431 171 474 2 1.000 199 249 245 292 2 1.000 309 169 344 208 2 1.000 
TRAIN_RGB/n12710693_16895.png 5 58 208 127 277 2 1.000 222 215 296 286 2 1.000 256 272 320 338 2 1.000 187 314 275 395 2 1.000 190 272 266 325 2 1.000 
TRAIN_RGB/n12710693_17841.png 1 84 138 373 436 2 1.000 
TRAIN_RGB/n12710693_18552.png 3 189 163 226 202 2 1.000 168 337 197 368 2 1.000 70 224 99 251 2 1.000 
TRAIN_RGB/n12710693_18665.png 2 108 146 282 320 2 1.000 16 282 191 459 2 1.000 
TRAIN_RGB/n12710693_19700.png 1 88 180 270 371 2 1.000 
TRAIN_RGB/n12710693_2875.png 2 216 71 360 213 2 1.000 105 149 218 289 2 1.000 
TRAIN_RGB/n12710693_2894.png 1 238 68 450 306 2 1.000 
TRAIN_RGB/n12710693_3969.png 5 345 53 442 143 2 1.000 285 112 386 217 2 1.000 173 217 256 304 2 1.000 63 358 155 445 2 1.000 84 71 154 130 2 1.000 
TRAIN_RGB/n12710693_4209.png 2 116 29 208 126 2 1.000 6 37 58 118 2 1.000 
TRAIN_RGB/n12710693_4338.png 5 123 127 182 192 2 1.000 212 140 282 214 2 1.000 301 84 378 166 2 1.000 197 207 273 286 2 1.000 273 122 329 207 2 1.000 
TRAIN_RGB/n12710693_4433.png 2 76 125 168 210 2 1.000 191 29 256 99 2 1.000 
TRAIN_RGB/n12710693_4630.png 3 29 126 195 296 2 1.000 274 89 483 288 2 1.000 134 45 325 249 2 1.000 
TRAIN_RGB/n12710693_4843.png 2 176 221 339 357 2 1.000 176 33 354 167 2 1.000 
TRAIN_RGB/n12710693_4896.png 22 197 302 250 361 2 1.000 153 316 204 365 2 1.000 123 276 177 329 2 1.000 143 225 199 282 2 1.000 26 268 69 311 2 1.000 76 293 118 341 2 1.000 94 420 146 475 2 1.000 16 439 84 479 2 1.000 116 143 164 183 2 1.000 144 116 192 164 2 1.000 189 116 226 161 2 1.000 106 180 149 215 2 1.000 117 69 155 112 2 1.000 155 72 195 106 2 1.000 16 225 57 261 2 1.000 66 136 103 170 2 1.000 54 177 90 212 2 1.000 194 438 229 480 2 1.000 278 366 315 405 2 1.000 293 97 330 137 2 1.000 267 44 301 70 2 1.000 9 323 43 356 2 1.000 
TRAIN_RGB/n12710693_4940.png 1 111 80 395 350 2 1.000 
TRAIN_RGB/n12710693_5020.png 6 25 88 337 412 2 1.000 258 348 566 642 2 1.000 303 599 558 757 2 1.000 529 529 704 762 2 1.000 132 573 335 738 2 1.000 400 267 655 382 2 1.000 
TRAIN_RGB/n12710693_5048.png 5 31 10 293 182 2 1.000 271 11 502 199 2 1.000 329 168 552 305 2 1.000 256 162 367 286 2 1.000 396 304 585 348 2 1.000 
TRAIN_RGB/n12710693_5711.png 10 47 203 132 291 2 1.000 278 147 343 209 2 1.000 336 164 383 215 2 1.000 316 135 360 173 2 1.000 367 128 423 172 2 1.000 426 200 485 257 2 1.000 471 144 498 210 2 1.000 115 118 160 139 2 1.000 376 50 420 98 2 1.000 465 38 497 102 2 1.000 
TRAIN_RGB/n12710693_5789.png 9 287 73 358 144 2 1.000 252 148 318 207 2 1.000 187 146 260 216 2 1.000 217 204 282 276 2 1.000 150 218 231 296 2 1.000 46 248 95 295 2 1.000 125 98 186 156 2 1.000 53 301 115 335 2 1.000 113 268 174 313 2 1.000 
TRAIN_RGB/n12710693_7386.png 1 129 149 303 306 2 1.000 
TRAIN_RGB/n12710693_7950.png 3 122 59 281 218 2 1.000 172 187 319 325 2 1.000 126 189 258 256 2 1.000 
TRAIN_RGB/n12710693_807.png 10 292 200 335 241 2 1.000 344 241 387 283 2 1.000 275 151 311 185 2 1.000 184 110 216 144 2 1.000 142 209 169 242 2 1.000 153 33 178 53 2 1.000 230 327 258 355 2 1.000 228 101 259 134 2 1.000 295 107 322 135 2 1.000 54 84 91 114 2 1.000 
TRAIN_RGB/n12710693_8146.png 1 296 218 477 416 2 1.000 
TRAIN_RGB/n12710693_8706.png 8 253 34 358 127 2 1.000 301 174 396 270 2 1.000 278 241 363 326 2 1.000 243 266 291 320 2 1.000 167 168 234 235 2 1.000 70 122 120 173 2 1.000 66 165 109 198 2 1.000 109 207 139 253 2 1.000 
TRAIN_RGB/n12710693_9822.png 9 142 89 268 226 2 1.000 265 80 392 213 2 1.000 342 64 435 152 2 1.000 302 223 463 360 2 1.000 195 182 328 300 2 1.000 98 150 199 266 2 1.000 74 268 143 339 2 1.000 173 277 243 335 2 1.000 129 254 183 306 2 1.000